# resistor ladder circuit simulator
# import as text at http://www.falstad.com/circuit/
$ 1 0.000005 10.200277308269968 50 5 43
R 304 96 304 48 0 0 40 5 0 0 0.5
r 304 96 304 176 0 10000
r 304 208 304 288 0 10000
r 304 320 304 384 0 10000
r 336 400 416 400 0 10000
r 128 400 48 400 0 10000
O 192 112 192 48 0
w 192 112 192 192 0
w 192 192 192 304 0
w 192 304 192 400 0
w 192 400 128 400 0
w 304 176 304 192 0
w 304 192 304 208 0
w 304 288 304 304 0
w 304 304 304 320 0
w 304 384 304 400 0
w 304 400 336 400 0
g 416 400 464 400 0
g 48 400 16 400 0
s 304 192 192 192 0 1 false
s 304 400 192 400 0 1 false
s 304 304 192 304 0 1 false
